6.0
28.0
496.0
8128.0
33550336.0
8589869056.0
137438691328.0
2.30584300813995e+18
2.65845599156983e+36
1.91561942608236e+53
1.31640364585696e+64
1.44740111546645e+76
2.35627234572673e+313
1.41053783706712e+365
5.41625262843658e+769
1.08925835505783e+1326
9.94970543370865e+1372
3.35708321319867e+1936
1.82017490401404e+2560
4.07672717110944e+2662
1.14347317530387e+5833
5.98885496387336e+5984
3.95961321281794e+6750
9.31144559095633e+12002
1.0065649705464e+13065
8.1153776582351e+13972
3.65093519915714e+26789
1.44145836177304e+51923
1.36204582133885e+66529
1.3145129545437e+79501
2.78327459220328e+130099
1.5161657022027e+455662
8.38488226750157e+517429
8.49732889343651e+757262
3.31882354881178e+841841
1.94276425328792e+1791863
8.11686848628049e+1819049
9.5517603052121e+4197918
4.27764159021857e+8107891
7.9350890936517e+12640857
4.48233026179909e+14471464
7.46209841900445e+15632457
4.97437765459071e+18304102
7.75946855336499e+19616713
2.04534225534105e+22370542
1.44285057960099e+25674126
5.00767156849824e+25956376
1.69296395301619e+34850339
4.51129962706691e+44677234
1.09200152134336e+46498849
1.10847779864148e+49724094
